матриця індексiв узгодження C
0,000 0,643 0,679 0,696 0,839 0,482 0,661 0,768 0,589 0,589 0,768 0,732 0,589 0,625 0,500
0,375 0,000 0,804 0,750 0,750 0,589 0,393 0,679 0,589 0,679 0,821 0,821 0,679 0,589 0,411
0,429 0,339 0,000 0,429 0,518 0,321 0,304 0,536 0,429 0,464 0,643 0,571 0,518 0,429 0,250
0,429 0,339 0,750 0,000 0,750 0,571 0,393 0,446 0,536 0,732 0,536 0,554 0,589 0,482 0,375
0,339 0,339 0,518 0,589 0,000 0,446 0,393 0,393 0,357 0,500 0,536 0,286 0,500 0,518 0,161
0,518 0,625 0,714 0,643 0,643 0,000 0,375 0,589 0,607 0,696 0,643 0,732 0,589 0,589 0,375
0,661 0,607 0,821 0,607 0,786 0,661 0,000 0,821 0,714 0,893 0,696 0,696 0,643 0,679 0,482
0,411 0,357 0,554 0,554 0,786 0,411 0,446 0,000 0,339 0,571 0,607 0,232 0,554 0,464 0,143
0,411 0,554 0,589 0,464 0,643 0,500 0,464 0,661 0,000 0,786 0,643 0,804 0,589 0,482 0,375
0,411 0,321 0,804 0,679 0,643 0,500 0,250 0,429 0,571 0,000 0,536 0,536 0,589 0,357 0,321
0,268 0,179 0,393 0,607 0,750 0,357 0,304 0,625 0,357 0,500 0,000 0,446 0,696 0,286 0,179
0,268 0,321 0,429 0,571 0,714 0,357 0,304 0,768 0,554 0,589 0,571 0,000 0,661 0,500 0,143
0,411 0,321 0,607 0,589 0,786 0,446 0,446 0,482 0,411 0,679 0,500 0,357 0,000 0,446 0,446
0,554 0,500 0,607 0,643 0,786 0,643 0,625 0,857 0,518 0,643 0,732 0,589 0,571 0,000 0,286
0,768 0,786 0,839 0,768 0,839 0,661 0,750 0,857 0,625 0,679 0,875 0,911 0,696 0,768 0,000
матриця індексiв неузгодження D
1,000 0,417 0,347 0,556 0,171 0,417 0,444 0,333 0,444 0,444 0,556 0,444 0,278 0,357 0,278
0,222 1,000 0,167 0,333 0,222 0,356 0,222 0,222 0,347 0,222 0,571 0,429 0,444 0,356 0,333
0,556 0,333 1,000 0,333 0,556 0,622 0,556 0,556 0,486 0,222 0,536 0,446 0,778 0,622 0,667
0,556 0,333 0,521 1,000 0,556 0,533 0,556 0,556 0,446 0,222 0,357 0,286 0,778 0,556 0,667
0,556 0,667 0,667 1,000 1,000 0,667 0,889 0,278 0,889 0,889 0,357 0,417 0,444 0,667 0,622
0,533 0,583 0,667 0,444 0,333 1,000 0,267 0,200 0,347 0,333 0,625 0,750 0,333 0,267 0,467
0,875 0,750 0,875 0,333 0,500 0,321 1,000 0,375 0,375 0,667 0,500 0,625 0,222 0,321 0,400
0,500 0,556 0,556 0,889 0,375 0,556 0,778 1,000 0,778 0,778 0,375 0,333 0,222 0,714 0,533
0,778 0,556 0,533 0,333 0,778 0,667 0,778 0,778 1,000 0,222 0,333 0,750 1,000 0,778 0,889
0,556 0,467 1,000 0,417 0,556 0,533 0,556 0,556 0,357 1,000 0,536 0,643 0,778 0,556 0,667
0,667 0,533 0,533 0,800 0,667 0,556 0,711 0,667 0,889 0,711 1,000 0,222 0,889 0,667 0,778
0,778 0,556 0,356 0,622 0,778 0,667 0,778 0,778 0,667 0,533 0,111 1,000 1,000 0,778 0,889
0,486 0,667 0,667 1,000 0,292 0,667 0,889 0,194 0,889 0,889 0,268 0,250 1,000 0,667 0,778
0,333 0,556 0,556 0,889 0,208 0,444 0,778 0,457 0,778 0,778 0,417 0,208 0,222 1,000 0,533
0,208 0,311 0,125 0,222 0,229 0,286 0,208 0,457 0,417 0,139 0,714 0,571 0,111 0,286 1,000
Значення порогів для індексів узгодження та неузгодження c, d
0,739 0,404
Відношення для порогових значень c, d:
0 0 0 0 1 0 0 1 0 0 0 0 0 0 0
0 0 1 1 1 0 0 0 0 0 0 0 0 0 0
0 0 0 0 0 0 0 0 0 0 0 0 0 0 0
0 0 0 0 0 0 0 0 0 0 0 0 0 0 0
0 0 0 0 0 0 0 0 0 0 0 0 0 0 0
0 0 0 0 0 0 0 0 0 0 0 0 0 0 0
0 0 0 0 0 0 0 1 0 0 0 0 0 0 0
0 0 0 0 1 0 0 0 0 0 0 0 0 0 0
0 0 0 0 0 0 0 0 0 1 0 0 0 0 0
0 0 0 0 0 0 0 0 0 0 0 0 0 0 0
0 0 0 0 0 0 0 0 0 0 0 0 0 0 0
0 0 0 0 0 0 0 0 0 0 0 0 0 0 0
0 0 0 0 1 0 0 0 0 0 0 0 0 0 0
0 0 0 0 1 0 0 0 0 0 0 0 0 0 0
1 1 1 1 1 0 1 0 0 0 0 0 0 1 0
Ядро відношення:
5 7 8 10 11 12 14
